['haberman.data', 306, 3, '80/20', 0.75806, 0.64516, 0.7258, 0.70967, 0.64516]
['haberman.data', 306, 3, '80/20', 0.79032, 0.74193, 0.70967, 0.75806, 0.74193]
['spect.data', 80, 22, '80/20', 0.625, 0.5625, 0.5625, 0.625, 0.6875]
['spect.data', 80, 22, '80/20', 0.625, 0.6875, 0.75, 0.625, 0.625]
['spectf.data', 80, 44, '80/20', 0.1875, 0.125, 0.25, 0.25, 0.1875]
['spectf.data', 80, 44, '80/20', 0.0625, 0.0625, 0.0625, 0.125, 0.0]
['wine.data', 178, 13, '80/20', 0.02777, 0.0, 0.0, 0.0, 0.0]
['wine.data', 178, 13, '80/20', 0.0, 0.0, 0.0, 0.0, 0.0]
['transfusion.data', 748, 4, '80/20', 0.78, 0.72, 0.76666, 0.75333, 0.74]
['transfusion.data', 748, 4, '80/20', 0.80666, 0.78, 0.8, 0.76, 0.79333]
