1606
6434
3315
8796
1462
6447
5333
465
3158
7183
6286
4563
1066
6545
3993
9665
6922
1306
1139
4698
5945
7090
22
3385
7481
8995
8800
5039
7458
9612
2808
8227
9943
5922
8332
5320
5683
4468
1667
6852
2986
8239
6663
6256
2221
9173
4031
9165
849
4360
9096
9916
6414
2291
1401
6512
3210
2493
2076
4892
4870
6629
2156
1153
2134
1312
6266
2700
5086
799
6649
3165
192
1847
5744
371
5930
3971
357
7965
4633
2222
4110
6191
6698
6192
7377
901
4288
5102
8951
7493
2869
402
3871
7876
6177
7250
4067
5500
2187
272
9758
4189
7045
5721
9000
9894
1944
5187
3223
1471
533
8366
7062
6147
2952
6885
3385
7121
7062
1666
8527
280
2209
3175
9599
684
1709
5422
1194
5592
8438
2900
3845
419
6408
7769
7311
9730
2782
7143
6914
1859
1265
5243
8247
3846
989
7042
9450
3083
5280
8788
9752
1264
5730
1171
3214
1185
5266
6645
5582
8188
226
7195
9955
2183
633
6428
6375
5833
4949
2541
3062
3440
4430
7468
7577
8635
6849
8997
841
1115
1565
1080
9754
4222
1005
9423
1501
2199
2250
9483
2856
6863
649
1222
4084
143
7730
4075
1689
313
9016
3688
2562
9990
1550
7302
3867
2450
8786
5504
5647
9981
4215
6313
5712
5774
9368
4455
8848
9011
2045
6060
7112
7829
9344
2510
2042
9294
3987
1877
395
3213
4103
8835
1859
8241
8540
3210
5265
4322
131
2416
1799
4915
7428
7330
9328
107
7060
1398
775
9748
6510
2546
7529
4646
443
1420
2741
5273
797
7288
8915
8056
9372
2525
2100
1820
7872
10000
1859
2141
4860
7594
5869
4075
9345
5040
7949
7339
6681
2236
7922
3372
4635
7089
4196
8984
6077
5395
9099
8479
8924
6939
5686
1742
4748
1538
9448
3430
5150
1727
2780
6085
8184
5616
4174
7124
7218
5432
3323
6712
1663
6213
6422
6078
3514
3804
4211
5428
6783
399
6638
4810
7489
7510
2305
2796
8311
352
6897
6507
8541
9842
138
4774
3387
5202
606
9417
3977
7870
2140
8532
2650
9000
2686
7161
4306
4933
5026
8048
8384
493
4147
6831
8929
8312
4185
2189
2163
6082
9328
9573
5733
7688
1685
7679
9314
9914
4956
3637
6057
721
1578
878
1247
2947
7088
506
8882
6119
8741
7992
8734
4539
4871
5721
769
4153
5795
174
5960
7800
9435
3299
3035
5406
8971
396
8793
912
4114
3465
8790
7432
9438
4277
2866
8924
6443
1058
2839
8489
1046
2190
1566
3983
4531
5024
8817
8985
2719
8530
5919
2313
7921
7876
7533
7089
135
9834
82
488
7570
7740
6429
8828
2489
6032
1148
2742
8766
4205
6125
443
8219
8641
948
3564
4619
354
1049
6394
8585
7528
1634
2211
3519
6818
1273
4349
6962
9953
6997
3833
2873
6274
7091
190
9924
5905
3973
5598
6193
7377
8609
7728
539
9331
3654
5933
5002
6808
7848
2266
2758
7965
4513
306
3875
9804
5089
228
8765
1675
649
9613
9782
9906
3308
5005
549
7503
5708
9870
119
7925
4369
202
6897
6070
1581
4300
2237
7431
6867
676
2226
9339
4073
7707
8207
9477
8510
9681
9707
4385
871
1910
827
7215
6533
7055
6649
7989
3172
5974
9583
8660
6392
4660
3998
1532
3049
4525
9994
8920
8194
2206
9448
2102
8380
9064
8690
3679
7901
9489
5107
6465
6767
8190
8175
68
6048
8384
5126
7968
6431
2378
8938
1434
7778
91
4610
8254
4080
9563
7663
5863
8937
2358
6163
2168
7999
5084
3027
9744
215
3154
4808
3409
2859
8363
7005
3934
9295
3729
5469
4208
538
4154
8640
7619
5626
8752
5574
3513
6373
506
6565
1758
4089
9148
7188
3334
7466
2134
8742
6434
6287
8475
5400
7931
624
2004
3851
4938
5422
4580
561
5882
9563
8881
8839
6391
7835
30
3855
7995
3848
8796
6241
6554
6236
997
6810
127
3910
1584
7191
6164
363
4928
6770
1715
4522
6499
1397
964
8879
701
9024
8544
4862
6837
9578
7639
5047
4781
4290
6443
6319
2514
1802
2472
6650
4977
1851
9218
8400
6576
4930
4034
4814
834
5582
8683
5276
8009
2987
8704
8976
2105
3525
8830
8062
4230
6318
6092
9338
6047
8356
4701
9136
3697
4304
6852
8124
8026
9421
7219
6103
3728
4101
7205
8807
6067
3754
2756
5194
286
3175
921
7202
602
1452
1410
5088
9281
5185
6631
8683
7652
8651
3099
2671
3719
9976
9848
1877
79
8800
8768
8509
7328
9575
1840
4758
1512
819
447
1885
7126
6412
5105
9009
9428
9642
1873
5325
4593
1577
450
3015
313
1369
6461
7391
1246
106
9121
2180
6821
6299
1328
4915
6432
8253
3469
5218
8187
5384
3099
2057
7093
8941
3
1185
507
1337
3434
178
1808
4447
7880
2278
9155
8980
2879
4067
3471
2647
5748
7379
1865
5870
1120
9421
4190
2772
6666
5100
6466
6124
5839
7666
410
1889
2405
562
3902
3085
3813
7264
1782
6970
3305
1340
9504
6041
9783
1588
181
1410
6554
2084
3888
2830
4694
3873
7488
9746
7478
9971
5895
7795
1207
1018
3107
8211
8868
4865
8640
4043
8128
9055
475
7541
7955
9379
3004
1856
9414
4607
7947
100
7452
6654
2845
5768
9325
1708
2056
2339
4973
3239
7143
8486
3823
1111
990
3506
7287
7461
5343
7176
8814
2801
3823
1976
9664
373
5504
5941
823
3819
8108
3051
242
3265
9341
4516
8832
7478
9456
7965
1301
7085
5959
2495
6027
3306
1908
3053
6267
5007
6114
9498
495
4474
3960
2683
912
750
8919
3382
3149
2366
8405
9724
4165
193
573
2963
3768
6731
7957
9236
8915
8260
5554
3878
172
9028
5035
48
6858
7960
1426
5105
5886
8434
6867
2722
9433
7955
6595
529
9434
7258
64
3864
2629
1060
7929
5865
5190
2418
3288
3603
1714
5590
5133
4165
9252
8510
340
5834
7305
9627
950
264
6615
6200
1504
9223
8697
718
2457
5961
154
2860
5030
4606
7061
