6330
8770
6825
4130
613
5547
7435
6871
7870
2993
4076
955
3982
7814
1068
553
9630
4841
2944
9743
1198
5225
3848
7900
7989
6635
3709
6769
9449
3436
5881
5847
7478
5393
9815
2401
7968
4599
310
387
7557
7354
3276
3349
22
9216
6020
5046
861
2891
5832
836
1723
5032
7604
9084
5500
8687
7509
8991
6134
1428
6540
6178
6828
7075
4607
5640
6087
2266
7887
9795
9382
1540
9824
2273
4076
8516
283
6610
4745
645
6381
102
5245
6087
1597
1344
8705
1109
3107
1023
2976
3977
3238
3658
886
2567
5115
3520
6580
6360
5619
4838
975
2100
5989
6105
4051
7153
3895
7617
8358
7872
7985
9756
7776
5273
8241
359
3066
873
3994
8968
1026
1796
4947
6885
8629
9397
6237
6440
533
3935
1357
1921
8435
9001
4912
5168
6160
5929
688
1898
576
9623
6981
6413
1114
4244
2860
7746
3963
8004
7540
1168
9805
9049
8923
1153
7817
2614
2917
4075
4465
889
2854
6075
4625
8853
2965
6054
7846
5590
9647
5372
7182
1364
9717
9315
9213
3649
8156
6034
6154
894
4701
5047
1243
6985
9006
9605
1328
6437
9456
791
7727
7709
5686
5263
5448
9952
3041
767
2082
861
5700
9570
3898
9099
1818
6974
9953
6971
4959
9269
9365
6660
813
7168
150
3581
1828
9009
5512
1981
483
6030
1411
2601
928
3831
8841
3381
8901
6574
7246
5760
1389
7821
8502
431
9816
7535
1609
7536
7831
1118
8794
6208
247
5130
7055
5512
556
5293
736
7225
9258
3270
654
8110
2732
4379
837
3191
2671
403
339
7014
8196
9954
9618
78
9912
5996
2786
375
3397
4157
8183
2929
5636
53
6050
6138
2405
2358
1950
4215
1614
4842
6731
8071
2210
1065
5420
5977
1860
677
6528
2566
1460
5520
2187
9757
7545
5804
2509
9439
795
6727
9517
655
5894
5696
2170
3564
9935
1274
181
908
2269
8777
850
4987
2373
9447
7444
880
7255
8373
948
6630
6644
8583
3722
2375
8826
103
433
2395
1360
3619
4029
3932
6801
9986
3152
246
8864
9590
6835
5286
5409
3421
5868
9572
6754
1621
8304
8015
345
9855
3786
8029
2863
9960
7568
3843
976
2257
5766
3573
7048
7678
3794
4050
1183
6779
1225
9933
3000
4170
2693
4198
622
9139
4762
278
1740
6027
4808
9536
6421
8426
7952
925
2542
6135
1567
8593
7771
5794
3290
3636
4465
5624
1040
5875
5619
2626
5176
3889
8167
6696
5688
583
8066
1783
5933
5056
7927
692
6171
4899
5681
4706
4944
722
3051
2521
8410
7779
5445
2372
4177
5439
3529
6755
2232
81
5713
1959
3591
9171
701
7674
5989
396
6524
7618
5835
9560
10000
1583
8225
453
6820
5915
2495
4134
231
6299
8451
9015
1648
6007
6707
8418
3207
4067
7016
933
5277
93
1990
2640
2437
9633
8561
1083
7911
6247
6540
7817
3008
1929
4264
8975
8575
2371
6923
2036
1652
3245
6936
7413
3075
1941
