5761
6120
1263
279
3861
5200
3661
2211
1976
938
744
3081
9780
7374
1547
6736
3677
7150
8921
7677
3595
2692
9055
5934
2319
949
163
9291
4125
5445
2965
4072
5810
2517
9618
7639
1482
9593
867
7899
7741
7074
6192
6600
8906
2438
5387
4124
3850
2446
7971
3907
6213
352
2086
7497
1564
8159
8420
7273
3347
2981
7360
5316
4545
2457
8804
4567
5304
226
8532
4906
729
694
3762
4998
6994
5606
7601
6552
3398
2015
1461
3840
9764
8880
2364
8144
1299
6263
5097
3515
2786
1098
2575
1882
9644
9431
7128
7561
8832
1220
629
235
8511
568
7577
1783
700
6466
7193
8939
7863
6558
2382
4669
9566
7251
4340
407
3411
6929
8092
1761
3976
4849
3537
1669
1299
5076
1799
7042
4846
7581
3624
2807
473
6640
2384
2292
809
3122
274
805
9356
566
6180
8537
380
5123
9611
2358
6695
9247
6563
4196
9579
9130
4638
5855
2595
5907
5665
2529
931
7861
7184
2459
9926
1381
1997
6763
5369
6532
1015
1703
6414
4762
371
5417
2445
340
5412
518
4209
1480
5668
5281
577
3106
7694
8427
5177
4721
4650
6471
9752
3534
9450
878
647
153
2729
923
7894
1096
2993
5274
6648
2660
9420
410
4108
127
1287
3358
6552
9146
1086
750
3846
3512
3449
3129
5445
7753
3652
9682
5799
8061
8001
1181
9248
9102
5761
2384
561
354
1157
9573
5278
1334
7763
9474
6179
146
8518
8887
790
6405
2978
6571
8294
5595
9326
3547
3099
6770
2150
615
7567
36
2377
4280
6544
6156
9121
4425
4156
5727
2499
8325
6108
3000
1807
5647
8281
9959
816
7274
5575
4427
4286
392
1865
635
7440
9741
2722
8406
9771
2759
1096
2282
2438
8838
7433
8036
9536
965
931
1333
8576
7583
6938
6758
6498
7445
3131
6781
9775
2431
7392
8013
5157
92
4016
509
8028
1877
9142
9458
9615
4784
854
9308
5427
2553
3271
6461
7089
8613
1954
1593
6997
6323
5514
4595
5336
9435
8259
1036
7548
4955
910
9804
10
5937
1403
7675
2480
8984
6573
9626
9210
3914
3743
1839
461
9465
3095
6972
5488
6231
2177
823
5031
3685
7591
5446
8511
9478
9969
380
5057
2906
5542
2429
5556
1402
6620
9677
9354
6519
7445
1660
9233
4361
7145
3968
2284
8580
5852
7027
9414
8775
9965
5968
1085
5681
5835
2954
3629
3961
8625
7232
7228
4093
5662
4024
8529
4513
3536
2905
1099
8828
8107
2100
5330
2662
7546
3341
15
5902
334
9413
7005
6798
3022
8626
696
6360
4893
3759
2175
3508
5914
7661
3209
5853
7284
2792
772
6812
4844
7483
526
5699
6947
6386
8712
4746
9730
5367
9522
1683
7784
4362
680
4028
6669
1744
1029
5891
768
6060
6563
3748
8578
3340
273
1538
7717
3650
1019
3225
8950
3386
763
5256
1964
7785
3049
554
3946
735
7413
8733
1201
3132
7735
5068
575
9781
4437
5467
3085
761
4435
3568
1612
7664
3950
5945
720
7242
4553
3926
3767
5037
6426
8849
5338
6806
9055
4611
1906
5146
7418
1299
9502
2005
3496
53
2359
2761
1706
8171
5167
7311
5988
865
6780
1975
8661
1839
1878
1281
885
2379
9305
3915
8738
7657
3677
931
9582
4254
6478
8156
627
716
7365
4175
2181
941
2372
5736
7185
843
943
951
3382
1082
1094
3328
4741
1826
2650
2588
503
2663
7306
4665
6970
5123
9422
3681
9645
7427
3558
4175
3071
5464
1886
134
4618
9562
6438
9119
8499
4410
2712
3038
1787
7483
6329
369
8767
3799
3833
8669
5011
1281
4182
2839
2879
1034
8267
8976
836
966
9001
9643
3705
6332
4136
3702
8075
1467
9328
6762
4518
4680
6574
5429
1446
1108
8431
3627
786
8010
1933
8924
9238
3536
7255
4048
9969
7217
5204
7856
2409
567
9349
9958
6630
1344
4677
2120
5310
6816
4722
6226
9979
1081
7576
3388
4222
2113
1686
8101
2001
9588
6016
462
6358
5334
7721
9737
4522
4605
4274
1147
8512
5001
4966
3993
8964
9178
9611
7766
8079
849
1162
4445
3289
4059
8051
7371
2048
6781
383
8108
8392
2545
5520
5201
4393
3558
6683
5854
634
9410
9317
5777
6266
5046
7058
5575
9028
2148
3547
6230
980
6256
1669
9537
5553
444
1198
4692
6044
6913
9188
4538
3351
5750
6488
307
8448
2449
4340
1587
9548
787
5501
3920
128
8269
327
7272
9808
2338
8609
7996
2701
5971
822
5886
3962
2362
7001
5375
8512
7917
5587
6862
5162
419
349
1954
5996
7200
5454
5200
8013
8279
2572
7245
1538
7879
121
7616
3048
4654
6692
1479
6561
6215
310
855
6389
7035
7668
5005
5640
5198
2627
1351
1601
1528
7355
2801
4391
8171
6950
7732
6815
7036
7253
1465
4204
7163
3930
1705
6808
2296
1386
4674
4899
8770
9962
3325
4000
7034
6367
3271
2795
2898
2585
1967
7797
3315
8283
8708
5879
27
6038
6356
4018
3631
9592
170
5994
2209
4527
8606
3819
3126
8305
6551
6461
5819
3955
8032
6866
3719
7084
5435
8776
2799
8499
5569
2092
578
6322
404
5865
7882
8414
733
3673
3453
1487
7659
7576
8088
4671
3666
8282
1457
4572
4096
1845
6382
1763
5837
9735
4741
8830
9836
3044
4033
585
9880
2138
6607
1306
9938
6719
5321
6999
9229
2095
4690
5611
6975
6876
9242
4723
7135
5603
1334
2667
6807
1061
5207
4648
3351
9065
8610
1016
4244
6003
9998
4971
7933
270
6416
8086
9598
1779
5681
9119
4245
3550
3270
7301
116
9700
1761
7055
1474
1350
5345
8841
603
5284
3398
6963
8266
8736
432
3134
6576
6344
1815
3012
2691
3357
1120
2986
8383
3981
7616
6454
9022
3117
1006
2215
6218
695
2524
5536
4646
9600
4406
1685
3001
7406
9205
9643
734
9602
2738
3583
2966
6155
3992
4065
7157
8283
3861
4201
636
8822
8133
2181
4167
6506
5477
8644
569
4345
1220
4655
1202
3399
6567
3540
2868
9000
1282
9116
9816
4325
4097
5729
5697
8282
4276
1222
4729
2935
6713
4242
6022
3384
3668
37
7831
1796
8809
9808
1798
3005
4008
9926
7698
4808
1590
2779
5707
6952
9621
9038
9048
6377
2393
4049
9034
7281
71
4067
1335
7877
2869
9090
3086
1772
5468
2541
6616
6528
7804
1004
664
3374
1566
1935
7985
4159
648
7942
8544
6053
3997
3502
2392
8459
429
728
236
9140
6622
896
3344
477
7576
8948
5240
7130
4887
3550
9625
9745
3597
9523
7957
6943
3327
1206
7566
8026
8540
1947
2655
2134
8788
4659
9561
4936
3445
9958
5000
2707
1045
9202
6729
6359
3396
3817
817
4076
5457
3928
520
5639
5415
5419
9721
6937
6387
4985
9939
1291
1589
9367
8736
9371
9657
892
6333
8193
1112
4014
4326
3039
4919
1582
5784
5236
3271
3933
2342
4376
3993
849
4807
508
2359
330
9195
9221
6255
8079
1627
7457
2065
376
552
8141
7428
1079
5277
4462
8908
6705
8967
9612
6167
286
9427
5731
9200
2216
7852
7300
7298
1563
816
7523
498
9312
3721
7612
9672
8827
8340
2290
3384
2737
5289
2599
1247
2827
5228
4822
5323
6630
6436
4257
3867
8822
17
7007
878
7238
2102
1518
1980
1071
8472
5559
2269
9102
6123
4697
6602
5872
2265
5684
6786
2688
3661
2675
8687
3537
9666
7644
5789
5982
775
4573
9953
6621
1130
108
8354
5919
3590
5142
1030
3667
3239
9119
4287
7010
1875
2757
2010
8481
68
4995
9871
3574
6220
7342
1117
6920
827
3335
6912
6846
8352
6788
757
9802
8300
1495
1889
7889
4028
2908
587
2911
5852
20
3813
8826
9812
4563
8913
8737
8919
7765
1305
713
2822
8754
6567
8520
5897
6157
3394
5604
4120
5199
8489
4232
8289
6353
5795
6796
9367
8144
6905
5044
5404
5560
2290
1016
7051
6185
6388
6607
6718
3708
221
9686
8923
8210
6649
6397
2503
1491
7522
8038
1319
535
1376
8162
7764
194
1455
7883
4951
6751
1297
539
3965
7598
3655
5167
5054
5898
1553
7571
277
4468
545
8390
8717
2272
5596
9906
3620
1063
2598
7769
2378
5566
4308
1260
3250
1100
6068
1917
8068
1358
1822
9621
8271
5578
6192
6023
7656
5453
9909
8999
7001
9690
3995
467
1483
730
5092
5973
2155
8374
8661
3695
6907
2292
1729
8718
5602
9151
3794
8488
1011
6699
5969
5346
8279
6529
2011
1772
4899
3092
586
4577
303
6488
8100
5780
1567
9582
7303
792
6695
5640
7819
2534
8955
1058
9621
1589
8241
8614
7507
4397
3607
9486
1241
2982
498
7020
4432
607
3030
4096
6070
9200
8331
5577
6973
1930
9410
4611
1144
4125
1495
7322
2207
415
1573
5930
8010
6731
5731
4564
8114
7663
3626
5855
7642
8159
2918
4440
3068
1426
2214
6421
2637
4848
7327
7322
9824
6885
2061
8642
5429
5055
183
2986
6023
1563
9605
562
3097
3041
9005
5895
2300
5037
2498
9159
1840
9510
950
2642
4567
2789
2115
7707
3840
6389
7853
1526
1949
3726
6263
2497
3439
1119
5159
778
9440
5833
5386
1468
202
3339
7593
6363
302
600
7409
7460
2311
5412
5532
1078
4823
2674
3011
2887
711
8310
4811
8886
132
3819
9504
3954
9573
4370
5359
5749
4334
6977
3466
7096
205
2162
8084
650
5600
880
3832
3629
1699
6219
4814
8160
3403
8615
2753
7020
7467
9368
1141
8907
3448
6471
7702
5080
7628
6988
8139
7833
6610
943
8312
7534
2717
4982
1721
7450
4282
1692
1483
3261
5938
8402
9095
7306
2043
6546
1334
2029
4918
9032
6989
9247
8258
2956
7933
1285
1326
1908
5540
3443
3038
9431
9081
8047
7878
9297
3833
2901
7843
9245
3378
1873
8987
9368
9741
7015
7018
5595
5764
3419
367
4700
2093
8837
2769
2405
3777
5006
9337
3455
3120
4128
5574
2525
3306
4660
7111
4887
8070
1392
8098
8775
4611
6322
538
5242
1849
2306
3172
1924
7153
5442
8006
8782
1073
3948
5336
3508
8677
391
5166
7651
3422
7434
3122
2024
4957
8803
7276
1053
8182
1936
2193
568
7479
9696
7830
6974
2984
5450
6610
929
7944
95
1660
2245
8613
5436
4888
6124
3680
742
2446
9429
5167
5100
8277
1246
1033
274
8903
4722
7484
3079
2923
1154
2346
1629
9166
5581
1508
6922
4733
5556
6512
7130
8356
5645
6385
3714
8645
315
3371
7461
1370
547
5020
9971
316
5251
1876
6260
4637
4565
1766
5507
6813
5326
3546
558
1104
2203
6539
5113
6768
4509
4215
2708
1122
4719
6495
7159
4898
7032
1663
4344
4886
8425
1559
9861
7219
1786
9290
4228
3481
704
1394
9803
3982
6038
510
4407
9182
3740
3089
769
4353
5184
2885
5881
2032
4635
776
4413
6307
9591
5990
611
9525
255
30
7013
9476
8818
1187
8523
1971
4864
300
2121
4457
9543
2777
237
351
5881
8055
2710
5819
4201
1950
2110
7051
2167
8532
7447
2458
6842
1640
7005
9050
5756
3736
2250
6240
9334
166
9725
244
3958
8575
8064
3257
8541
3515
8099
4453
609
9275
1115
4072
7271
4413
7802
9914
5526
4493
7030
1351
2518
7444
6981
7286
9355
1026
3434
9646
8906
3050
5511
1560
2638
5819
7128
236
6981
5110
1857
9495
9791
6992
8149
8297
1457
2197
1917
3800
3180
5791
5907
1861
2539
7954
1267
918
5886
2139
7171
8234
6071
7130
6899
4998
1525
1619
8546
1817
6140
4358
2034
3656
5222
2800
1617
1074
216
602
7958
3847
7350
1616
2787
8719
9215
8282
3888
8190
943
4904
3476
4569
5681
6676
9527
7078
7827
3534
7645
1400
695
978
7564
1688
4335
317
4930
8461
7640
3079
8778
3020
9399
1326
2273
3534
2422
5112
6313
6535
9307
1113
3335
8583
3793
8956
2456
1504
211
8365
1470
597
2301
2179
6900
7353
2370
8584
387
7215
1850
2742
3590
7189
7385
9293
8417
3679
4982
8625
2782
3973
792
844
6120
2195
2541
5688
4861
4968
4104
5472
7660
8421
861
7016
2854
9904
254
6554
7231
1505
3564
4062
1248
2556
5424
9532
3076
5914
1669
3679
381
6983
5634
4847
712
4998
3036
5513
2519
1916
2770
6333
5971
8220
3952
9997
2570
6517
8994
120
1517
4631
6068
9720
4794
1401
5196
1814
7490
7014
9959
540
8933
9439
3822
2757
4222
7564
181
3270
3009
6536
7149
6817
3026
8367
8782
6808
7428
1375
627
9094
2937
1645
9164
2701
2723
8757
7595
2056
4921
5347
4957
7031
558
5611
2534
5095
8635
9692
6848
9723
8985
7056
4896
6305
2522
432
409
4420
7164
5881
6665
9303
7287
310
4383
3469
234
3587
411
3120
6643
598
7239
5554
1878
3616
9174
4092
8293
3227
4556
7114
1222
6974
4607
191
6552
7269
8312
1753
184
865
5790
773
8285
3727
7075
4846
3498
4955
3260
6003
4499
6189
2622
1235
9836
919
9218
5495
1240
1621
3958
9795
9954
4696
2977
1172
1648
925
4307
124
6480
5470
9726
3505
5443
6757
6543
4548
1182
5177
1421
1448
4860
3304
6906
388
546
1069
6702
8512
9745
7335
3980
1285
6426
1949
2671
1580
1266
3592
8165
7457
1082
5244
6437
6085
4265
1628
7935
5508
6828
2930
5523
450
4074
3183
7741
9348
5332
5315
5701
2523
5536
5094
9391
3521
8763
5969
1410
2298
5068
8081
3589
7794
5958
9118
2811
2237
7795
5390
180
131
5235
6801
1149
4787
7509
6939
1696
726
3250
5939
5215
8099
9087
1880
2812
9085
8007
8178
3607
4794
6921
6483
3341
1357
9991
7897
7695
6369
6982
5881
8663
1912
72
3016
8630
4546
8625
1387
7754
5061
7760
6742
8194
6088
5476
3682
7128
8825
641
4916
870
5121
9709
5274
6711
5551
1401
1972
3771
3343
3276
4286
93
7804
5513
478
7323
2934
1187
7903
3806
4440
7037
1563
9939
9850
5323
6014
3999
6310
8505
2423
1712
5103
3465
9651
9285
4150
5447
1519
1989
6044
9397
4867
428
9396
2318
6016
208
6132
6750
3052
7151
9648
5667
958
2303
938
3
1554
5581
7893
1347
4113
3861
3219
3670
1868
7260
5811
4383
2682
9515
7937
762
8642
1604
4112
1547
8899
442
3225
436
8053
2595
8095
1778
3570
4437
1717
1804
3827
6161
8712
4194
5470
690
3842
1960
1101
2354
9721
4887
1851
3822
8258
7324
2648
4121
1645
3161
9297
9894
3435
8722
2584
9580
8862
2980
3028
7473
1912
2649
7740
8510
9805
9457
8275
1071
6211
3394
5801
7056
2447
3116
4837
4136
209
6103
7827
9639
5978
2652
5828
7964
2499
7207
2842
2275
9668
4002
3958
3602
5699
2361
2632
6244
590
5716
8948
7702
4086
9903
7569
2417
166
507
8710
1482
7561
7887
3856
1238
7279
7000
406
3045
7194
4524
8064
1378
8401
379
6783
923
8646
6368
5824
9636
8702
8248
3559
467
6864
8080
2416
2644
5969
1214
1454
2404
3029
9694
8548
7654
4104
8624
5258
6646
9890
191
9232
4924
4988
2044
5
4364
5619
9658
1426
1174
7512
7692
2976
9477
7424
2124
9441
1059
6222
3703
5804
8230
4008
6551
1029
6249
6285
7810
4129
6135
6639
9770
1873
1825
5678
8888
4504
7978
624
8852
8499
3377
72
4253
7663
1008
9902
9818
5375
9416
8201
5772
1687
6318
1903
5335
8862
3611
9708
1817
395
5732
3671
8816
6934
4459
6385
3036
4208
4011
1683
4450
1989
5892
9051
8184
3106
2966
6860
3591
1218
7545
863
3944
1894
6111
419
2856
2562
1371
1560
3122
2627
4906
9889
1109
7214
511
5137
8991
373
2430
4041
7192
2873
5120
4699
6744
7212
6163
5396
6359
1692
260
1932
952
4337
4732
2842
1627
3578
5434
3194
1714
2256
6031
3338
673
7123
9177
19
6245
5705
7796
6071
4523
9652
9493
1103
1438
947
8674
5059
9401
6151
438
9964
4444
5734
4676
8635
2640
4326
6472
4830
5815
5029
6620
4117
4724
7318
4944
6146
9796
3094
2665
1207
4179
3249
9495
5824
7018
4962
3761
6083
9133
2528
5375
8648
3565
7470
8563
9812
2789
186
4838
3561
5443
7931
6814
8106
7092
1407
5654
5700
2164
3297
4232
6208
794
1485
3236
7
4362
890
9074
5665
5416
5437
2841
6370
9741
8081
3546
8469
5261
2224
5439
3020
5632
4268
229
4981
4793
1501
6464
951
9628
3799
7568
5471
191
4059
1775
5385
8225
4678
6816
1713
3664
5334
1981
7708
5834
4806
7548
4958
2068
8994
6863
6155
8522
1060
3061
6895
4450
3116
2726
8015
2111
836
5868
3132
3870
5614
7361
3673
1802
8522
4640
8125
1195
6731
7777
525
7835
5075
6806
6803
7557
3364
8628
5826
6906
8949
5037
1156
7487
9810
2896
1595
5899
4223
8222
8119
3364
1080
9160
2995
4846
9477
803
9964
1073
4987
9168
4730
3063
3067
7161
8780
3228
7619
8120
5052
4862
4622
5746
6785
5195
2930
5997
4989
3458
9849
8328
7919
3531
6316
5097
8610
7841
5469
2727
7520
3639
83
9189
8173
5720
8292
2543
4250
754
6588
3477
1870
3597
6414
3943
1175
8170
2639
9753
5708
8771
600
750
1605
9286
6544
9437
3078
4154
7116
5090
6368
2181
4524
5575
3791
79
3956
5867
6824
3411
2079
46
7139
9167
8066
9968
2614
392
1954
5414
1368
5369
8442
4820
8216
7897
8482
8936
4929
5937
4931
6410
1009
9733
1783
2535
7149
133
7222
514
1088
680
5622
6641
201
6162
5894
5335
6104
2387
6684
9469
3478
5749
4573
5456
7321
2946
8945
4748
6694
371
4833
7463
4301
2290
9533
7182
9316
8009
7841
6152
5352
4773
9331
2944
8209
7081
8121
3318
3319
6917
9465
7016
7076
9137
2563
4954
3239
2842
647
4453
6489
593
9043
7698
1796
3511
2956
9928
8593
7198
6299
7287
1279
9265
999
7913
4656
5473
3513
5088
7716
5376
1668
8468
92
6941
4571
6730
4430
7644
5442
169
4549
9289
9437
7123
8403
2679
7310
7099
9712
2553
267
1078
3010
2463
3643
9436
7275
6442
5122
4052
6106
2787
8962
8725
2171
4157
7703
7472
4505
2330
822
6032
2746
4306
8989
2693
2142
7471
3576
1227
9965
7943
8003
7806
3857
1606
9773
7991
5793
9656
8372
3506
3268
6436
8093
6268
9992
6935
7010
1437
3674
4389
2808
9799
9664
9342
4292
1503
684
8579
5510
3721
1188
8188
4594
2809
3480
5839
9849
1630
1393
1737
4878
4606
9957
1704
1962
2338
3592
6858
9517
4701
4260
8927
8194
7429
2982
7201
558
7240
7307
4973
3814
2361
6092
7404
2152
1599
1948
2262
3998
5251
8154
5982
9771
1333
8575
7939
9630
5733
9040
2074
8808
1129
936
873
7967
9687
5111
9466
5968
9288
767
5343
8107
7567
6431
6893
9977
8863
1410
2024
6669
9620
105
526
8320
9484
7797
4974
5176
7053
3797
5875
4808
7134
4024
9269
6627
135
3300
3711
690
1403
9487
9633
340
5777
2465
8159
7781
7027
7196
5724
2742
8156
252
8897
1461
7379
8446
228
8
5779
2807
659
6235
3715
7393
9869
9123
166
2610
9341
3826
2371
9097
7329
4075
9955
3293
8814
2536
6064
1095
1961
8150
5874
6551
1145
6200
8646
1076
8819
4136
5202
1581
8478
6469
2851
5766
6411
980
5171
5420
6827
6413
2602
2179
6780
3330
3228
437
6008
1175
5270
9591
6238
3200
7698
5144
5628
3370
1991
1978
2223
3459
6797
5705
6033
3420
1858
7520
2833
3695
556
441
3877
6901
5716
9709
1678
2909
3362
414
3459
3880
3401
1333
4501
3818
5930
592
8825
3696
7750
40
8570
4036
1166
9612
3274
3134
9341
5245
2204
709
6833
8486
1093
9103
6090
2554
5778
3061
6295
1823
3611
9345
4655
5901
6127
6290
6928
2476
3984
6802
7503
3157
2309
5991
8678
617
971
8381
6602
5884
5799
5748
1170
4478
8729
6076
1570
6476
1648
5895
2842
7691
5142
6851
1322
362
5534
9271
6787
2892
6322
2387
5720
926
8574
4482
3381
929
1110
5728
3472
6589
1375
9905
9570
5430
39
6195
3916
343
9838
7213
4359
3356
550
9423
8377
7907
7074
9353
8479
896
197
4524
4147
4918
1809
674
6076
4247
612
462
7644
9602
8818
251
2678
284
7245
1838
7942
3484
2207
4517
3292
99
9890
5447
1471
8127
2077
8566
7758
1813
413
7442
896
6846
326
9766
6749
2606
9247
3479
6905
4918
3151
4137
137
9999
8292
4354
8928
8443
5906
5027
7119
4215
5016
9355
8570
1127
7149
4589
8015
2966
64
733
6377
6230
3875
4083
9198
5698
7168
8687
8458
9138
5579
4774
8144
8008
479
4337
4211
3469
4312
9685
2851
4235
3514
8585
5618
7323
9683
5920
2275
4766
1093
4108
1399
2906
9178
46
7521
2716
3176
3429
9451
378
6494
3328
5425
3004
4537
5900
5973
7545
6858
5172
9805
1357
9647
3322
9122
9304
4104
3060
8047
9666
872
6255
2794
9451
5345
7585
3589
8110
8093
2816
7994
157
5303
7885
9050
3998
3888
8392
8263
2114
9985
6780
7953
8202
3934
1269
8172
1569
6416
4252
9520
1633
7298
5987
6028
9448
2927
5374
9439
1402
4222
9467
6081
1109
4751
5454
2408
2283
9601
9545
4057
9019
2837
4788
8678
9640
6750
4806
4480
2519
1703
5481
6406
3778
5643
2876
808
4079
6561
9156
5225
5574
3570
2710
5404
7439
848
7986
2040
3040
8691
5313
6202
3206
216
1510
9991
6295
3786
244
6162
909
7694
7388
1115
7452
1709
1396
6516
7657
4859
1731
6458
3754
5224
7974
1072
178
568
3914
7704
877
6049
2755
5514
4851
9664
3081
127
7678
320
5347
2871
2269
3493
3678
3715
4728
6038
609
8263
9531
4329
2160
523
9508
4571
2082
5676
869
1226
6041
853
5222
666
7973
1727
165
8472
5767
8137
9274
3801
4714
8660
8838
5882
8669
2538
6783
4603
4123
857
1665
1346
7735
8399
4789
8886
6753
4300
454
8680
3127
2978
2217
9981
5406
2471
4966
9696
3490
9885
3349
906
8932
9631
1553
3111
5104
5664
8175
4004
2999
5043
5139
6159
3543
5604
8467
5325
3709
2201
7460
3126
7756
146
3541
1182
6474
9330
8651
8465
4083
5039
5681
7284
9319
4135
9487
392
8930
9941
3032
8406
8384
3025
7891
9376
5921
2983
4360
8898
7735
9331
2181
3033
6814
3517
5219
1593
5804
9575
8644
2439
8849
6390
3744
9321
2426
1294
4382
6895
3483
8971
5050
9831
2390
8332
8019
5178
1885
4961
6404
1038
5565
8260
7947
3172
6520
1959
7110
7560
3923
8012
5997
9149
3113
9465
2083
8987
8310
2724
3165
9802
3815
7108
35
7819
2880
7464
6928
5282
5257
3931
5727
3791
6817
4708
8242
1823
1964
2226
6431
6542
8890
3549
9835
6462
6603
1093
7129
7854
9877
6103
7505
3074
5659
5263
1120
6166
6246
4513
5068
6376
6836
8083
3432
3140
8943
8205
616
8688
5081
649
860
4459
6602
3342
4227
7014
9214
8233
9067
3428
9764
967
2936
8437
833
9930
2840
7247
586
83
7066
5878
887
451
300
3169
3039
1826
3200
4318
289
9690
6331
5364
8552
5277
2845
4416
677
9229
280
8838
5175
7214
4831
5501
5928
9648
3162
7940
9059
3239
8804
8036
3123
2169
6959
2888
4915
7935
9449
4712
3780
1503
792
9682
2360
1821
2431
5225
1539
6476
4485
7973
3903
1589
2767
5570
151
2096
6259
348
6617
1994
9220
7859
4831
4753
1345
4570
1167
9047
720
2916
6368
5623
6847
7692
3330
3223
484
50
4968
481
8892
3019
7612
169
6634
4074
9716
848
9498
3160
4490
9527
553
6521
7041
5488
5778
1946
8346
2910
1980
2076
4655
2382
6099
3404
1251
8473
7461
7658
7511
978
1370
3017
4545
1825
2880
7565
6377
5344
9720
3856
4474
8199
1758
5513
3188
7902
2968
8052
5606
7865
4934
5983
5322
5714
1069
1989
4363
1976
9687
3937
7265
2302
3423
7498
769
5562
2858
1018
9784
3344
9530
8708
409
4279
448
2275
7286
7517
5853
6241
2568
2124
2554
9214
2931
2741
8040
5494
8645
7920
6025
4206
1649
167
9668
1384
8772
6757
9416
3653
6590
4565
833
6723
1844
3006
6226
9441
2190
7893
4606
2464
5295
213
4915
9056
6201
4711
5316
2279
9372
4313
9965
4852
619
3820
6306
6998
8167
8045
2528
4019
8691
3758
2609
3860
9235
8546
8023
2240
6073
2526
1385
5879
5471
3026
6621
9383
3907
6305
3018
5300
6248
9290
4214
7156
5801
36
5604
3365
9534
892
9932
4838
5493
2227
2269
2333
3499
5169
6268
1243
6336
9701
2717
3242
3297
6038
1321
3018
6171
5856
1060
2429
6079
7375
757
1761
2506
7022
344
8580
5454
321
3619
3493
7397
1239
9125
8325
521
4672
8732
351
6846
3131
5052
1579
4656
5813
3110
4442
9818
688
7705
8221
2686
4407
5647
4743
9583
266
448
1925
1460
585
297
2819
4848
3607
5784
3277
2857
1800
1276
6499
2087
3290
9954
6428
4090
9586
6576
6389
388
3281
3280
6254
2860
9979
4234
2033
9490
5445
1991
5620
9661
3442
468
1755
5666
2030
1876
6458
2904
8557
6576
6060
7252
806
8204
1100
6691
7125
4920
7744
4046
5705
6754
6842
2953
2922
2100
6961
3357
2827
5263
4787
2382
2412
2255
3410
4016
3200
7234
7016
8569
7748
7783
682
5600
9656
3565
9073
4001
3958
9874
2617
9839
4220
4368
4149
8290
8054
1976
8073
5524
6523
610
5640
3028
9197
9793
2272
6048
8437
7490
5916
8269
4106
6531
1551
4702
5412
9239
6150
7646
8146
7323
5283
8106
8501
218
9523
7053
1112
6302
4042
6003
5966
6311
7210
9379
4521
141
5647
244
8941
8730
9264
9087
9316
8053
8786
1423
117
6915
4312
5536
132
3957
1983
1043
5229
7047
7799
10000
633
8491
7030
2294
4354
1290
2001
5317
6472
9949
7334
6387
5196
5162
9829
3592
3862
3199
4339
9261
9266
8168
6356
3034
7172
8443
5338
6000
9885
2017
8998
3688
783
6642
8514
1508
295
6326
7183
7878
8804
6016
3219
2916
782
6831
3903
5553
7217
601
1756
8131
6113
984
9233
9380
5833
1104
7047
2709
8398
922
9627
8091
4820
895
8850
3528
5437
4991
5213
6654
382
2590
386
2994
5530
5994
1620
8894
8066
7495
5322
5293
4640
900
7725
9261
4416
3441
8927
2372
5769
5670
701
2101
6541
6024
9169
2058
383
7212
2289
5612
9528
9421
9827
602
9883
8165
4758
6300
3646
3117
2035
7023
9246
502
941
4779
8384
1339
8567
5089
9538
9711
1147
3765
5016
676
4063
8146
8577
5674
4036
5292
7921
4039
1130
4627
1857
3672
7858
7263
6465
587
4588
8661
2408
4641
9763
6674
4025
9599
3961
8163
1580
8564
2524
4849
3025
2503
3738
8638
9038
2705
9084
1561
2802
7391
201
3605
9896
5299
1352
3154
8655
4075
7421
8537
2017
564
9810
6230
4683
320
6775
9295
2927
2186
5957
4319
1131
8599
1205
5113
8666
9100
7046
5086
5324
6871
1844
9892
1836
6268
1111
1154
157
5683
5721
7247
3183
8111
9001
489
3589
3824
9097
6100
7067
5011
6585
2760
6436
4734
9939
5879
4090
1110
4721
4195
2987
5081
5171
8134
1991
1138
3983
857
2360
4016
616
9170
6914
6491
5419
4205
4183
3561
4955
7746
5691
2007
9268
9740
7415
1529
6979
4612
6555
3920
2421
5636
7531
2087
9216
2313
9359
7139
4114
9342
8271
3425
9819
4140
3098
3955
3753
4842
1225
1494
4384
2340
4920
5609
9045
7798
7854
9554
8006
474
3240
4417
306
376
9082
4817
3279
5846
1750
6178
7379
767
9105
810
7939
4635
3966
4884
7401
1862
4538
2605
883
2510
2218
7277
6074
8540
5104
7751
9795
9337
9015
5290
7965
8245
542
5496
1415
1869
3324
2466
7993
9552
977
4732
4468
2835
2358
6133
5842
7759
3487
8298
6461
7689
4283
98
9196
7475
5538
3402
5804
9989
7093
8189
906
3357
7516
4767
1729
4757
1306
1491
3916
5468
9565
7337
7027
5024
1
8967
4530
5241
4485
7335
2061
9856
5535
4031
1722
9309
1257
6823
6198
7103
2697
1428
8763
3990
7034
8416
9693
6802
6103
408
7804
7744
1687
9871
5306
4794
3643
9029
4274
5522
8065
11
3378
9443
2544
387
7480
3322
5813
100
4744
8816
7989
806
3682
109
4857
2523
7511
5773
5533
8928
5440
7590
3812
4237
7017
4959
6958
2557
1558
5597
806
9380
7418
5979
3574
4780
4392
4817
3972
6326
8678
9583
9762
7045
6183
1361
2831
1488
4141
7572
7574
9954
7535
9729
6584
6025
4790
9161
9099
6353
8443
2214
9195
4224
9594
6426
5029
1524
1934
4175
8737
4064
2674
9972
6639
389
1904
1376
7650
1663
5723
954
6545
1060
4183
4735
4608
7105
9563
3309
7264
1671
7430
6844
6059
1770
6125
5222
2737
3482
5997
848
3050
7884
5579
8347
6274
9714
8113
9257
2126
3623
1022
5861
7977
3673
1954
4381
4090
9533
5039
2211
5350
497
9700
9980
8607
8996
9692
614
5607
7149
2504
9831
3152
9960
8325
5239
8560
5782
9836
7926
8902
3702
9430
7858
6505
4653
4376
3783
6142
3056
1351
8599
6470
5737
6054
2819
2935
6325
9501
4684
9271
2366
7805
4316
5062
6510
2575
6207
9456
5872
4430
1088
2186
1650
9889
6681
8165
7500
3782
3143
6627
7330
140
1628
5303
9629
7416
8649
6657
8357
8585
1373
1869
9922
2098
1723
4068
8816
6347
985
9849
5957
7902
2865
6520
5016
4519
8441
9558
3344
8408
1034
6940
9192
5113
7362
1370
7248
7591
3469
9571
4116
9869
1963
4539
4352
2394
1570
4641
1307
2452
188
6461
2191
7659
8350
8638
9764
4099
2870
8538
593
8731
741
8198
3567
5968
3834
1232
7592
6352
2019
5044
1528
8521
8433
4773
9570
1775
8918
3887
7358
9280
7933
6997
1308
9316
9334
8429
4363
3674
4214
3225
2483
3047
9094
1817
2080
2554
8642
